transfer_size: 10000 chunk_size: 1000000
5.8583
4.5561
10.4946
11.8237
20.8335
22.4835
20.1359
16.5668
22.8510
25.4857

transfer_size: 100000 chunk_size: 1000000
31.7207
34.3156
39.1406
41.7209
29.0308
28.5869
30.1808
27.4631
17.7873
31.5569

transfer_size: 1000000 chunk_size: 1000000
53.4953
54.1748
55.2200
55.6515
58.4040
29.7888
56.0785
43.4164
60.0577
56.7360

transfer_size: 10000000 chunk_size: 1000000
65.0209
55.5789
68.4370
65.8084
78.7754
76.3146
83.1511
60.6524
86.6510
70.0391

transfer_size: 100000000 chunk_size: 1000000
61.9416
81.9383
76.4882
83.8313
92.8254
93.1173
91.1669
97.1097
94.3432
73.3400

transfer_size: 1000000000 chunk_size: 1000000
85.4753
77.1971
67.3632
94.1046
88.6001
92.3022
89.1009
96.0143
85.5239
93.2550

transfer_size: 1000000000 chunk_size: 1000
76.6491
74.7057
46.7526
60.8945
70.0224
83.6171
89.5507
95.3579
40.8372
72.7658

transfer_size: 1000000000 chunk_size: 10000
63.7180
63.5619
56.9962
64.8504
64.3737
68.9436
67.4630
67.5209
66.9676
64.6556

transfer_size: 1000000000 chunk_size: 100000
62.3475
62.6463
51.6352
45.3623
59.2271
65.9817
61.9961
64.0667
61.4593
69.5462

transfer_size: 1000000000 chunk_size: 1000000
63.6269
69.6508
62.7541
70.6542
66.9301
58.0916
66.0387
67.9410
62.2872
62.8580

transfer_size: 1000000000 chunk_size: 10000000
41.1130
59.7149
68.0081
71.0476
72.5986
69.0332
61.9612
65.1723
67.7070
69.0143

